0.7022838592529297
0.657912015914917
0.6209566593170166
0.590329110622406
0.5670841336250305
0.5467260479927063
0.5197305083274841
0.4917300343513489
0.4631090462207794
0.4356488287448883
0.4102934002876282
0.3859124779701233
0.357034832239151
0.33760422468185425
0.3118079900741577
0.29179465770721436
0.2715682089328766
0.25297442078590393
0.24396486580371857
0.23138436675071716
0.22545629739761353
0.21116741001605988
0.20450998842716217
0.20550501346588135
0.1919052004814148
0.18853621184825897
0.1828986406326294
0.18071141839027405
0.17774035036563873
0.18125027418136597
0.17583848536014557
0.17193500697612762
0.17113840579986572
0.17262110114097595
0.1739749163389206
0.16739287972450256
0.1644754409790039
0.170077383518219
0.16784390807151794
0.1648913323879242
0.1630668044090271
0.1719059944152832
0.1662284880876541
0.16341261565685272
0.1652982383966446
0.16073131561279297
0.16886413097381592
0.16520220041275024
0.17251820862293243
0.16647347807884216
0.17263799905776978
0.1582554578781128
0.1544426828622818
0.16390089690685272
0.16257169842720032
0.16795821487903595
0.16064557433128357
0.1582190990447998
0.16034390032291412
0.15863633155822754
0.16450923681259155
0.16011367738246918
0.15684181451797485
0.15604934096336365
0.16573096811771393
0.1612352579832077
0.1569352149963379
0.15677374601364136
0.16087819635868073
0.1558016836643219
0.1612863689661026
0.15466822683811188
0.1588745415210724
0.15879304707050323
0.1581849902868271
0.1559801995754242
0.15892425179481506
0.1556708663702011
0.15535323321819305
0.16013015806674957
0.1550029218196869
0.15316641330718994
0.15820804238319397
0.1550743728876114
0.15542544424533844
0.1508648544549942
0.15432095527648926
0.15415431559085846
0.15810896456241608
0.15884952247142792
0.1498999446630478
0.15578094124794006
0.15265090763568878
0.15036536753177643
0.1592988818883896
0.15404485166072845
0.15110650658607483
0.1491149216890335
0.15081541240215302
0.1511668860912323
0.1519187092781067
0.15380720794200897
0.15089231729507446
0.15082350373268127
0.1545441746711731
0.15567122399806976
0.15506163239479065
0.15508589148521423
0.15259604156017303
0.1550668478012085
0.15220412611961365
0.15389175713062286
0.1599176824092865
0.14931438863277435
0.148281991481781
0.1510213017463684
0.14865349233150482
0.15475419163703918
0.1543477177619934
0.1537168323993683
0.15072254836559296
0.1536445915699005
0.15196147561073303
0.1512131541967392
0.14920534193515778
0.1542322188615799
0.1484048217535019
0.14826852083206177
0.14984124898910522
0.1480354517698288
0.1469312161207199
0.1554890275001526
0.1502319872379303
0.14926496148109436
0.15532004833221436
0.1499059647321701
0.14566044509410858
0.1459943652153015
0.15187804400920868
0.1480945199728012
0.1492467224597931
0.14744412899017334
0.15307755768299103
0.14584527909755707
0.14708925783634186
0.15132945775985718
0.14554382860660553
0.14744050800800323
0.15083768963813782
0.14784766733646393
0.14875870943069458
0.14635621011257172
0.1537611335515976
0.15081065893173218
0.14845861494541168
0.15194037556648254
0.1473696380853653
0.14789660274982452
0.14705398678779602
0.1485975682735443
0.1497872918844223
0.15119442343711853
0.14679840207099915
0.1444568783044815
0.14934609830379486
0.14739029109477997
0.1507938802242279
0.14935126900672913
0.1447613388299942
0.14439305663108826
0.1530253291130066
0.14666315913200378
0.14779974520206451
0.14861299097537994
0.14723727107048035
0.14719927310943604
0.14551977813243866
0.14966407418251038
0.14805473387241364
0.14548738300800323
0.14289140701293945
0.14617595076560974
0.1491750180721283
0.14605170488357544
0.14664910733699799
0.14474071562290192
0.1474425196647644
0.15066717565059662
0.1455489993095398
0.14784999191761017
0.14970849454402924
0.14517687261104584
0.14489319920539856
0.1448160707950592
0.14461901783943176
0.14760653674602509
0.14470303058624268
0.1501815915107727
0.14817818999290466
0.15003395080566406
0.1482613980770111
0.1474962830543518
0.14634044468402863
0.1448943167924881
0.14583218097686768
0.1482500284910202
0.14792297780513763
0.1466437727212906
0.14690369367599487
0.14769668877124786
0.14657287299633026
0.14499208331108093
0.1506142020225525
0.14594116806983948
0.1432245373725891
0.14705704152584076
0.14546014368534088
0.14338375627994537
0.1449490785598755
0.14820900559425354
0.15016239881515503
0.14860311150550842
0.1464294195175171
0.1442742645740509
0.1476040780544281
0.14414483308792114
0.1460864096879959
0.1494079828262329
0.1481316089630127
0.14543688297271729
0.14489632844924927