0.9083701372146606
0.8644728660583496
0.823464572429657
0.785317599773407
0.7500246167182922
0.7175399661064148
0.6877697110176086
0.6605721116065979
0.6357568502426147
0.6131036281585693
0.5923797488212585
0.5733500123023987
0.5557860136032104
0.5394803881645203
0.524252712726593
0.509945809841156
0.4964333772659302
0.48361286520957947
0.4714007079601288
0.4597363770008087
0.44856932759284973
0.43786144256591797
0.42758750915527344
0.4177252948284149
0.40825846791267395
0.39917662739753723
0.3904683291912079
0.38212502002716064
0.37413570284843445
0.3664945363998413
0.3591949939727783
0.352227121591568
0.345581591129303
0.3392459452152252
0.3332078158855438
0.32745543122291565
0.321977436542511
0.31675922870635986
0.3117850720882416
0.30704227089881897
0.3025175631046295
0.29819396138191223
0.29405897855758667
0.2901006042957306
0.28630778193473816
0.2826648950576782
0.27916309237480164
0.27579739689826965
0.2725611627101898
0.26944243907928467
0.2664315402507782
0.2635252773761749
0.2607182264328003
0.258008748292923
0.2553931176662445
0.2528676688671112
0.25042739510536194
0.24807080626487732
0.24579308927059174
0.2435900866985321
0.24145585298538208
0.23938621580600739
0.23738250136375427
0.2354399710893631
0.23355506360530853
0.23172591626644135
0.22995397448539734
0.22823502123355865
0.22656631469726562
0.22494801878929138
0.2233765423297882
0.22185082733631134
0.22036591172218323
0.21892011165618896
0.217512309551239
0.21614013612270355
0.21546867489814758
0.21480895578861237
0.2141602486371994
0.21352285146713257
0.21289582550525665
0.21227902173995972
0.21167226135730743
0.21107548475265503
0.21048852801322937
0.2099107801914215
0.20934133231639862
0.20878081023693085
0.20822840929031372
0.20768259465694427
0.20714348554611206
0.20661062002182007
0.20608454942703247
0.20556503534317017
0.20505081117153168
0.20454230904579163
0.20403975248336792
0.20354263484477997
0.20305126905441284
0.20256555080413818
0.20208527147769928
0.2016095668077469
0.20113888382911682
0.2006734013557434
0.20021270215511322
0.1997571587562561
0.1993066966533661
0.1988609880208969
0.19842013716697693
0.19798415899276733
0.19755306839942932
0.1971263289451599
0.1967041790485382
0.19628700613975525
0.19587412476539612
0.19546577334403992
0.19506153464317322
0.19466155767440796
0.19426603615283966
0.19387497007846832
0.19348792731761932
0.19310542941093445
0.19272714853286743
0.19235286116600037
0.19198249280452728
0.19161579012870789
0.19125261902809143
0.1908930391073227
0.19053716957569122
0.19018474221229553
0.1898358017206192
0.18949025869369507
0.18914809823036194
0.1888093203306198
0.1884739249944687
0.1881418228149414
0.18781302869319916
0.18748745322227478
0.1871650069952011
0.18684548139572144
0.18652841448783875
0.18621432781219482
0.18590286374092102
0.18559393286705017
0.1852877289056778
0.18498434126377106
0.18468371033668518
0.18438579142093658
0.18409055471420288
0.18379779160022736
0.18350724875926971
0.18336287140846252
0.18321925401687622
0.18307644128799438
0.18293443322181702
0.18279294669628143
0.1826520413160324
0.18251171708106995
0.18237195909023285
0.1822327822446823
0.18209423124790192
0.18195617198944092
0.18181867897510529
0.18168164789676666
0.18154500424861908
0.18140876293182373
0.18127307295799255
0.18113791942596436
0.18100321292877197
0.18086902797222137
0.1807352900505066
0.18060187995433807
0.1804688572883606
0.18033626675605774
0.18020395934581757
0.18007208406925201
0.1799406111240387
0.1798095703125
0.1796790063381195
0.17954888939857483
0.17941917479038239
0.17928993701934814
0.17916113138198853
0.17903268337249756
0.17890465259552002
0.17877702414989471
0.17864985764026642
0.17852304875850677
0.17839664220809937
0.1782706379890442
0.17814520001411438
0.178020179271698
0.1778956651687622
0.1777716428041458
0.17764821648597717
0.1775253713130951
0.17740298807621002
0.17728090286254883
0.1771591603755951
0.17703771591186523
0.17691677808761597
0.17679615318775177
0.17667585611343384
0.17655590176582336
0.1764364093542099
0.17631736397743225
0.17619867622852325
0.1760803461074829
0.17596259713172913
0.17584526538848877
0.17572833597660065
0.17561155557632446
0.17549516260623932
0.17537909746170044
0.1752634197473526
0.17514805495738983
0.17503294348716736
0.17491821944713593
0.17480385303497314
0.17468982934951782
0.17457610368728638
0.1744626760482788
0.17434974014759064
0.17423704266548157
0.17412453889846802
0.17401231825351715
0.17395633459091187
0.17390045523643494
0.1738446056842804
0.17378875613212585
0.17373298108577728
0.17367719113826752
0.17362143099308014
0.17356568574905396
0.17351002991199493
0.1734543740749359
0.17339877784252167
0.17334327101707458
0.17328780889511108
0.1732323318719864
0.1731768548488617
0.1731214076280594
0.17306609451770782
0.17301084101200104
0.17295563220977783
0.17290045320987701
0.17284530401229858
0.1727902591228485
0.17273522913455963
0.17268028855323792
0.17262539267539978
0.17257057130336761
0.17251580953598022
0.1724611520767212
0.17240655422210693
0.17235203087329865
0.17229759693145752
0.17224319279193878
0.17218880355358124
0.17213447391986847
0.17208029329776764
0.1720261126756668
0.17197199165821075
0.17191791534423828
0.17186394333839417
0.1718101054430008
0.1717563420534134
0.17170260846614838
0.17164897918701172
0.17159539461135864
0.17154186964035034
0.17148847877979279
0.17143514752388
0.1713818609714508
0.1713286191225052
0.17127549648284912
0.17122240364551544
0.17116937041282654
0.1711163967847824
0.17106351256370544
0.17101067304611206
0.17095792293548584
0.170905202627182
0.17085254192352295
0.17079991102218628
0.17074739933013916
0.170694962143898
0.1706426441669464
0.1705903857946396
0.17053820192813873
0.17048615217208862
0.17043408751487732
0.1703820675611496
0.17033013701438904
0.17027828097343445
0.17022648453712463
0.1701747328042984
0.1701231151819229
0.17007151246070862
0.1700199544429779