0.8128705024719238
0.7420512437820435
0.7053451538085938
0.6969781517982483
0.6994113326072693
0.6985073089599609
0.6901067495346069
0.6758280396461487
0.6591237783432007
0.6433568000793457
0.6308755278587341
0.6224638223648071
0.6172658205032349
0.6133991479873657
0.6089667677879333
0.6029189825057983
0.5953013300895691
0.5869552493095398
0.5789775252342224
0.5722208023071289
0.5669853091239929
0.5629743337631226
0.5595126748085022
0.5558966398239136
0.5517014861106873
0.5469009280204773
0.5417924523353577
0.5368068218231201
0.5322936177253723
0.5283727645874023
0.5249065160751343
0.5215955972671509
0.5181415677070618
0.5143844485282898
0.5103462934494019
0.5061911940574646
0.5021177530288696
0.49826857447624207
0.4946564733982086
0.4911944568157196
0.4877440929412842
0.4842013120651245
0.48053738474845886
0.47680094838142395
0.4730881452560425
0.4694848358631134
0.46601489186286926
0.4626448154449463
0.45930537581443787
0.45593807101249695
0.4525225758552551
0.4490792155265808
0.4456583261489868
0.44230037927627563
0.4390186071395874
0.435799241065979
0.4326145648956299
0.42943111062049866
0.42624980211257935
0.42308953404426575
0.4199667274951935
0.4168926179409027
0.4138724207878113
0.4108916223049164
0.40792548656463623
0.4049668610095978
0.402017742395401
0.39909347891807556
0.39620062708854675
0.3933448791503906
0.39051923155784607
0.3877180218696594
0.38493412733078003
0.3821708559989929
0.3794304132461548
0.3767167627811432
0.3753714859485626
0.3740352392196655
0.3727065324783325
0.3713829517364502
0.37006309628486633
0.3687460720539093
0.36743175983428955
0.3661206364631653
0.36481553316116333
0.3635149896144867
0.36221832036972046
0.3609267771244049
0.35963988304138184
0.35835549235343933
0.35707446932792664
0.3557955026626587
0.3545164465904236
0.35323888063430786
0.3519616425037384
0.35068440437316895
0.3494049906730652
0.34812405705451965
0.346838116645813
0.34555062651634216
0.3442637324333191
0.34297606348991394
0.34168434143066406
0.34038883447647095
0.339085191488266
0.33777403831481934
0.3364551067352295
0.335129976272583
0.3337993323802948
0.33246171474456787
0.331117182970047
0.3297658860683441
0.3284045159816742
0.32703354954719543
0.32564777135849
0.3242446482181549
0.32282912731170654
0.32140129804611206
0.31995832920074463
0.31849774718284607
0.31701377034187317
0.3154922425746918
0.313938707113266
0.31233659386634827
0.31068816781044006
0.30902335047721863
0.3073389530181885
0.305683970451355
0.30413004755973816
0.30269482731819153
0.30135855078697205
0.3001059889793396
0.29893597960472107
0.2978120446205139
0.2967309057712555
0.29568976163864136
0.2946845591068268
0.29370227456092834
0.2927424907684326
0.29180043935775757
0.29087281227111816
0.2899588346481323
0.28905659914016724
0.28816449642181396
0.2872830331325531
0.28641214966773987
0.2855502963066101
0.284696489572525
0.28385064005851746
0.283012330532074
0.2821812927722931
0.2817688584327698
0.2813589870929718
0.28095152974128723
0.2805464267730713
0.28014349937438965
0.2797425389289856
0.2793433666229248
0.27894601225852966
0.2785504460334778
0.2781565189361572
0.27776414155960083
0.2773734927177429
0.2769845724105835
0.27659711241722107
0.27621108293533325
0.27582645416259766
0.27544331550598145
0.275061696767807
0.2746815085411072
0.2743026316165924
0.27392518520355225
0.27354899048805237
0.27317389845848083
0.27279993891716003
0.2724269926548004
0.27205532789230347
0.27168482542037964
0.27131545543670654
0.27094706892967224
0.2705797255039215
0.2702135443687439
0.2698482871055603
0.26948434114456177
0.2691214680671692
0.2687598466873169
0.2683996856212616
0.2680405378341675
0.2676825225353241
0.2673252820968628
0.2669687271118164
0.2666130065917969
0.26625826954841614
0.2659050524234772
0.26555323600769043
0.2652025520801544
0.2648525834083557
0.2645033299922943
0.26415520906448364
0.2638082802295685
0.26346221566200256
0.26311734318733215
0.26277369260787964
0.2624311149120331
0.2620898187160492
0.2617495059967041
0.2614099383354187
0.261071115732193
0.26073330640792847
0.2603965997695923
0.26006126403808594
0.25972673296928406
0.2593931555747986
0.2590605914592743
0.258728951215744
0.2583981454372406
0.2580684721469879
0.2577395737171173
0.2574118375778198
0.2570851445198059
0.2567595839500427
0.2564353346824646
0.2561119794845581
0.2557898759841919
0.2554689943790436
0.25514939427375793
0.2549901306629181
0.2548314929008484
0.25467318296432495
0.2545152008533478
0.25435754656791687
0.25420016050338745
0.2540430724620819
0.25388631224632263
0.253729909658432
0.2535736858844757
0.2534177303314209
0.2532620131969452
0.2531064450740814
0.2529512345790863
0.2527962625026703
0.252641499042511
0.2524868845939636
0.25233250856399536
0.2521783411502838
0.2520245313644409
0.25187090039253235
0.25171759724617004
0.25156447291374207
0.2514115571975708
0.251258909702301
0.25110670924186707
0.2509547173976898
0.2508031129837036
0.2506517171859741
0.25050053000450134
0.2503495216369629
0.2501987814903259
0.2500481903553009
0.2498978078365326
0.24974781274795532
0.24959810078144073
0.2494487315416336
0.24929958581924438
0.24915066361427307
0.24900199472904205
0.24885353446006775
0.24870529770851135
0.24855715036392212
0.24840925633907318
0.24826157093048096
0.24811403453350067
0.24796678125858307
0.24781975150108337
0.2476729154586792
0.2475263476371765
0.24737992882728577
0.24723371863365173
0.24708767235279083
0.24694177508354187
0.24679607152938843
0.24665075540542603
0.24650564789772034
0.24636073410511017
0.24621599912643433
0.24607138335704803
0.24592699110507965
0.2457827925682068
0.24563884735107422
0.24549496173858643
0.24535131454467773
0.245207741856575
0.24506445229053497
0.24492128193378448
0.24477829039096832
0.24463553726673126
0.24449299275875092
0.24435055255889893
0.24420832097530365
0.2440662980079651